0.000000 6.000000 8.000000 5.000000 inf 8.000000 inf inf 5.000000 5.000000 inf
inf 0.000000 5.000000 inf inf 8.000000 7.000000 6.000000 inf inf inf
inf 4.000000 0.000000 4.000000 9.000000 10.000000 inf 7.000000 5.000000 7.000000 7.000000
4.000000 10.000000 inf 0.000000 10.000000 inf inf 8.000000 inf 3.000000 2.000000
inf 9.000000 inf inf 0.000000 inf 6.000000 2.000000 4.000000 inf inf
3.000000 10.000000 10.000000 inf inf 0.000000 9.000000 inf 3.000000 inf 9.000000
6.000000 9.000000 3.000000 inf 9.000000 inf 0.000000 4.000000 inf inf 6.000000
inf inf 3.000000 6.000000 inf 2.000000 inf 0.000000 inf 4.000000 8.000000
inf 7.000000 7.000000 5.000000 inf 1.000000 inf 1.000000 0.000000 10.000000 7.000000
9.000000 3.000000 inf 9.000000 inf 1.000000 inf inf 1.000000 0.000000 inf
inf inf inf inf 1.000000 inf inf 3.000000 3.000000 inf 0.000000
